211111111111111111111111111111111111111112
100000000000000000000000000000000000000001
100000000000000000000000000000000000000001
100000000000000000000000000000000000000001
100000000000000000000000000000000000000001
100000000000000000001000000000000000000001
100000000000000000001000000000000000000001
100000000000000000001000000000000000000001
100000000000000000001000000000000000000001
100000000000000000001000000000000000000001
100000000111111111112111111111111000000001
100000000000000000001000000000000000000001
100000000000000000001000000000000000000001
100000000000000000001000000000000000000001
100000000000000000001000000000000000000001
100000000000000000001000000000000000000001
100000000000000000000000000000000000000001
100000000000000000000000000000000000000001
100000000000000000000000000000000000000001
100000000000000000000000000000000000000001
211111111111111111111111111111111111111112
