211111111111111111111111111111111111111112
100000000000000000000000000000000000000001
100000000000000000000000000000000000000001
100000011100000000000000000111111000000001
100000012100000000000000011100001110000001
100000012100000000000000121000000121000001
100000012100000000000001110000000012100001
100000012100000000000000000000000012100001
100000012100000000000000000000000121000001
100000012100000000000000000000001210000001
100000012100000000000000000000012100000001
100000012100000000000000000000121000000001
100000012100000000000000000001210000000001
100000012100000000000000000012100000000001
100000011100000000000000000011100000000001
100000000000000000000000000000000000000001
100000011100000000000000000011100000000001
100000012100000000000000000012100000000001
100000011100000000000000000011100000000001
100000000000000000000000000000000000000001
211111111111111111111111111111111111111112
