211111111111111111111111111111111111111112
100000000000000000000000000000000000000001
100000000000000000000000000000000000000001
100000000000000000000000000000000000000001
100000111111110000000000000011111111000001
100000100000000000000000000000000001000001
100000100000000000000000000000000001000001
100000100000000000000000000000000001000001
100000100000000000000000000000000001000001
100000000000000000000000000000000000000001
100000000000000000000000000000000000000001
100000000000000000000000000000000000000001
100000100000000000000000000000000001000001
100000100000000000000000000000000001000001
100000100000000000000000000000000001000001
100000100000000000000000000000000001000001
100000111111100000000000000001111111000001
100000000000000000000000000000000000000001
100000000000000000000000000000000000000001
100000000000000000000000000000000000000001
211111111111111111111111111111111111111112
